20 12
-1 0 500 500 0 0 24.9 0.05 0.1 0.075 0.1806 1.95 Bez_Limita
1024 0.02 -1 60 0 0 13.3 0 0.1 0.075 0.1806 1.95 Komfort_S
10240 0.02 -1 120 0 0 20.9 0 0.1 0.075 0.1806 1.95 Komfort_M
25600 0.02 -1 -1 0 0 29.9 0 0 0.075 0.1806 1.95 Komfort_L
40960 0.02 -1 -1 0 0 39.9 0 0 0.075 0.1806 1.95 Komfort_XL
500 0.02 -1 10 100 0 8.59 0 0.1 0.075 0.1806 1.95 Startoviy  
-1 0 0 0 0 0 8.9 0.3 0.3 0.075 0.1806 1.95 AnlimXS
800 0.05 -1 10 0 0 9.3 0 0.1 0.1 0.1806 2.1 Provet.Zvonki+Internet
200 0.05 -1 0 0 50 7.3 0 0.1 0.1 0.1806 2.1 Privet.Zvonki
-1 0 0 0 0 0 12.9 0.3 0.3 0.075 0.1806 1.95 Anlim_S
-1 0 0 0 0 0 17.9 0.3 0.3 0.075 0.1806 1.95 Anlim_M
-1 0 -1 100 -1 -1 60.11 0 0.0963 0.0481 0.1806 1.95 Smart_Beskonecnij
-1 0 -1 -1 -1 0 120.36 0 0 0 0.1806 1.42 Bizness_Klass     
0 0.1504 0 0 0 0 1.78 0.0481 0.1445 0.0239 0.1806 1.61 Peredacha_Dannyh 
1024 0.02 -1 0 0 0 13.5 0 0.1 0.0481 0.1806 1.95 Lemon_Z
8192 0.02 -1 50 0 0 20.9 0 0.1 0.0481 0.1806 1.95 Lemon_Y
20480 0.02 -1 100 0 0 27.9 0 0.1 0.0481 0.1806 1.95 Lemon_X
-1 0 -1 0 100 0 10.35 0 0.1806 0.0481 0.1806 1.95 Neposeda
2500 0.05 0 0 0 0 7.55 0.1 0.1 0.1 0.1806 2.1 Privet.Internet+
100 0.05 0 0 0 0 1.9 0.095 0.1657 0.075 0.1806 1.95 Prosche_prostogo       




